926
678
579
316
986
612
847
548
432
635
638
974
820
912
612
591
829
660
519
326
623
103
382
534
325
737
588
736
842
53
900
481
568
938
799
559
82
463
713
60
900
762
417
205
426
237
623
482
606
669
656
681
907
257
964
329
159
443
761
920
741
550
128
473
80
101
245
638
116
531
237
118
925
773
96
348
91
816
573
492
374
296
437
441
523
910
735
240
353
877
147
499
485
33
642
651
233
700
282
157
971
214
456
551
505
361
446
8
459
303
236
465
937
440
898
212
475
323
308
791
264
48
30
965
237
248
343
26
367
130
826
760
604
619
582
698
220
169
832
125
557
892
783
686
67
258
141
668
119
37
69
347
854
243
647
122
427
489
297
386
719
524
808
899
755
895
788
628
376
586
865
551
214
925
337
487
25
913
999
150
906
695
687
680
170
631
378
254
33
223
509
895
180
326
232
713
772
956
532
40
99
872
574
609
690
365
880
358
734
794
815
631
393
845
15
600
213
491
346
876
483
798
895
870
458
116
279
832
19
216
444
499
272
335
258
617
221
713
863
378
71
393
399
273
856
931
159
370
285
265
43
842
671
451
52
779
485
545
593
507
507
245
94
112
428
562
154
906
906
739
66
116
862
521
323
664
987
669
845
279
117
470
842
322
503
384
598
529
578
634
265
37
1
905
808
75
305
686
841
935
510
896
53
586
889
264
648
938
382
40
163
549
73
558
291
386
944
915
18
276
676
306
468
403
753
591
884
129
245
238
348
430
829
421
796
488
411
135
561
618
108
294
391
160
670
84
649
804
702
630
653
224
263
454
669
833
359
115
856
229
899
575
407
729
43
533
730
544
529
925
923
60
714
413
659
994
215
909
913
510
165
855
145
890
736
834
145
116
782
242
286
963
184
229
813
37
692
908
277
977
829
36
314
507
132
928
637
218
952
109
262
930
280
705
28
654
674
137
779
662
372
502
532
944
551
83
122
422
99
374
312
172
629
160
337
797
910
899
63
369
85
87
165
269
869
169
944
535
857
952
272
907
43
485
172
703
444
110
507
712
309
935
231
791
628
215
428
84
283
850
759
525
603
232
849
75
694
649
603
313
73
547
763
113
176
642
220
101
75
578
652
255
878
836
78
126
271
899
920
53
688
322
912
994
389
123
671
640
615
478
943
1
135
893
625
259
310
865
887
589
737
890
808
759
10
79
562
76
577
112
905
669
114
213
5
778
615
638
258
151
150
429
810
418
278
755
133
229
147
990
888
340
841
236
835
164
420
398
541
957
214
404
466
294
426
913
676
412
54
363
663
566
757
769
598
584
418
777
380
850
825
365
197
637
383
993
51
73
842
436
644
758
154
625
896
5
655
809
504
665
37
390
122
288
242
446
57
400
256
634
881
464
901
938
441
724
135
8
873
332
734
509
3
410
162
563
686
622
651
473
141
631
152
180
470
216
175
576
766
493
418
187
537
401
803
634
400
158
726
971
172
511
565
101
526
605
217
784
265
100
779
453
263
274
291
617
335
660
80
412
656
652
806
584
712
754
614
728
334
134
983
614
941
488
130
641
345
940
179
498
580
13
619
217
857
517
267
857
578
206
811
148
29
240
88
828
777
479
43
456
38
912
814
423
19
281
443
27
985
306
925
941
60
260
471
170
857
580
3
183
451
755
50
734
552
493
634
300
241
13
495
790
102
457
576
392
495
279
826
129
760
484
130
430
604
572
339
410
938
964
479
767
301
383
586
756
349
224
258
979
763
461
83
94
649
693
640
421
280
838
708
566
603
405
934
977
305
619
362
159
960
88
899
807
869
382
359
924
184
389
796
327
571
14
870
836
451
751
674
347
360
450
268
406
767
674
677
474
86
291
265
796
687
60
20
489
310
820
813
441
268
302
138
570
766
515
923
885
600
707
531
606
211
751
472
205
654
334
148
604
296
425
828
749
147
677
405
338
108
997
79
808
391
906
706
0
264
368
245
619
660
253
565
594
614
689
154
608
365
557
86
916
459
185
502
350
568
678
731
813
125
181
226
387
36
490
479
214
796
496
593
516
547
338
382
250
92
828
423
697
297
692
791
454
866
864
757
188
250
236
368
863
882
0
522
288
399
532
357
176
679
985
155
603
849
78
474
987
394
627
171
390
284
398
803
533
441
471
971
889
13
922
482
972
586
889
227
897
988
819
897
114
100
941
118
36
915
4
467
9
76
44
266
505
396
159
575
854
149
861
61
883
45
981
885
159
782
830
992
252
303
980
854
351
824
466
399
196
155
104
