250
-7
-2
-1
5
-3
8
1
-1
0
7
5
-1
-9
-1
-5
0
0
1
-1
2
-7
-9
-5
3
4
1
-4
6
5
9
-1
7
8
9
-1
-8
9
8
1
6
0
4
7
8
-3
-2
-5
5
1
1
-9
-5
-9
-7
6
-9
2
3
-6
4
6
-6
4
3
-1
-7
-4
1
-6
-4
7
0
1
4
6
9
1
-7
-5
8
0
1
4
-8
2
-4
9
3
1
6
-3
-4
7
-4
0
4
-5
-9
6
2
-2
-2
4
-7
6
-1
-4
0
-3
8
6
4
-4
-1
2
4
-6
9
2
9
6
5
7
4
4
-8
6
1
-4
8
7
-4
1
3
5
7
9
2
-4
9
2
-2
-5
2
5
-3
4
4
9
5
0
7
-6
6
-7
5
1
-2
3
-2
-4
6
-1
9
8
8
-2
1
-1
7
0
-5
-4
7
6
7
5
-9
-7
-7
-2
6
-7
5
-1
3
3
6
0
4
2
-3
-1
4
-7
2
3
9
-3
-1
-5
-7
-9
5
2
-2
-4
5
-1
4
6
8
3
9
-5
0
3
-3
5
-9
4
2
5
2
-3
-9
6
-2
2
-9
5
-9
-8
-3
9
2
8
-8
7
0
-2
3
8
-5
-3
0
-1
-9
9
6
